ITERATION_SLEEP=1
ALPHA=0.6631793595534751
THR=0.0058756988602674835
QUEUE_LENGTH=4
