ITERATION_SLEEP=1
ALPHA=0.918588331473932
THR=0.00014522483990858827
QUEUE_LENGTH=15
